5522999421
9497779054
2404948151
2708563159
3428248190
4102616140
8601359569
3364350373
4288541657
5061996693
8407246334
7535576011
9305849655
2389459095
6533464877
5078493781
9834447834
5078682632
3207505739
8005415694
0275608295
9727842720
9103413339
9234497764
0411818025
2187368505
1997835500
2039658839
8389955791
1288602843
0204553029
9003932576
8732195739
0279782026
2084420547
2346305666
5765819519
2344670185
1177626878
1449067041
8111087003
5260647164
2561838098
7296012799
5031025583
8900636465
8101814568
8317321801
0055678008
6811984532
2533129603
6341624124
7669690272
9483107581
7853470715
5102989154
9779322758
9138614638
7111343537
7679508983
7753801403
9279570937
7319711922
8534451685
4087098139
0269596739
9325291817
4368438290
9832793617
6513873492
4582431623
4147482338
7622225584
6777982920
5918137125
1138166914
8438961649
9943852033
6206874040
3026008304
7757670951
4371057380
6177539643
9010046070
6129481494
0361397123
2754357321
2725962410
0853267134
0224828759
9581417409
5300563022
8497011577
3203224515
4184731118
1082496271
2771453259
4032810817
1181177039
8282078936
4063269856
7371951576
1840216231
9117673803
6044910162
6691058980
1577225802
5706787489
9347934398
0453745670
9659317896
6187620177
7060463287
9626009332
8329062158
1911059859
1959632022
6250976778
9190953361
6967465745
8070130816
0391435112
0336051779
2366248670
5165154627
0780953655
5660163408
7754064736
4697583102
5085464196
9634737748
9399680355
3348350624
1948116079
6779432914
6022983969
8545436600
4781714633
4644227018
1585359466
7411928598
0171176622
1451380593
9352838153
9160726274
9115663989
6329166808
3786221444
4484070604
2243368585
9417557069
4402785712
7263037822
9865636223
5099227052
1193033174
9898155721
9432626744
9305862269
8017580852
8857248596
5504366972
7538070438
7454856209
7641004589
4216850702
4552850501
2549806333
3278585747
9652784840
8552219592
2823255652
8543007192
0177415785
8951923663
1057267060
2716219277
5254887564
5678202634
6610569605
3137557279
6001667943
9048334655
4504082227
3604446022
1154403245
8698259827
3471561261
5827428381
0477506862
1517295321
3348761370
0218809871
8866438619
5391926550
0128275650
3347721273
7742073843
6075944769
1844085923
5648659743
7627507080
4495083005
6966670338
2680835810
9260226032
6998408829
0218577673
1158077302
9528107681
2308852230
1103066597
7144262315
5527688367
5480270383
6664317418
2547643341
6126718144
2078812618
6769710378
6964801706
5473023439
2388447700
2697234205
6003731956
0011751846
5589030129
7463786123
2789611207
7954202570
3967112914
0267411365
1643964183
2914876042
5512136827
0893103298
6023015546
9530606265
4522754490
6229296892
1904192557
2253161303
9453628712
0225716534
0056052666
3248321800
1679190519
3363897344
5658550754
5816954513
2337022177
5217039627
5919357912
0484145914
5770986785
1557428981
0389308539
4097887289
4339171856
0090011648
8127513121
7580438025
4858798512
3897218100
7388524636
5384348782
7442426377
0487894632
3612780476
4706143351
5738237477
9323075440
5814012704
4628991856
3470695608
5379941422
0539030395
8957040350
2938756528
1964999939
2864447972
9751570525
7823103861
8510171914
3580438847
4140077221
2176063940
8412267180
4872113364
7635668160
6597451392
6555112696
2740988805
3011201694
4966118053
5428312614
3376439319
5638537157
5535016547
1933347359
3054441733
2635428141
4821556841
7894198826
0268749061
9871415229
9340884083
6700810039
4979185018
3023785002
5311975770
3467134234
2661807583
9987288518
4820445695
9652089189
5705275601
6734890442
7365088654
1727553968
4836285219
6251356659
8396752943
0088234818
2710140035
4640083160
6783781856
2732146622
2650094070
8178937629
4080391225
4078877857
2569990971
6272693614
8701306844
0732728528
2193392035
7885904248
8644716574
7335553250
1574551174
2755426981
0310739753
9393866772
8894935142
5473585816
2488369924
6065511441
3336643047
9129906642
9411222445
5051567202
3549941978
6398574706
3314609366
3708398292
5829065139
6337117656
2893482777
3289616188
0632064866
2189713150
8069655598
4900787288
1274080697
6011567628
9374584653
7420892189
3677731015
2760898266
4808554860
9550591470
9941374104
8204071777
9412821286
3113817696
7996145334
0383137603
9083763034
1960060798
5044206874
5919294775
4815630994
5919056065
4319481878
3857014060
7419036691
6602028692
1315701975
8863110023
6174939077
5554279044
9444009663
5779951122
4104800112
3935815295
7086241696
0776415781
8295565804
6467701034
2756815347
6877146545
3636921969
4404040311
3796640770
8261078129
3518568029
4691346306
0780954995
6044844938
9801396816
6827458744
7165972874
5843392915
0696689396
3375348747
2464277244
2330221180
5060946162
7957461229
6667499341
9555835341
5956247724
5642434569
9691814556
3753671441
0945193025
2197575526
6703790277
4775314248
9878637415
2527958775
5082483869
8856050024
6899350220
0233555232
1558232215
0543057514
9316770225
3948194805
6934750553
2877239446
8033782952
4569024845
4194306519
6365282125
7042965070
5227102561
2270474695
4911995465
0368031937
9630061518
2967434865
8873410468
1860214119
0326177695
7526280303
7295054149
3722626458
2399590091
8399700631
3812829557
8307464392
4985058202
1957321995
1842669081
1596422152
0945622115
6116215616
8275479258
0449972335
1629240267
2871466877
1023825397
6966283934
2943923931
8588142503
9376493609
0299346330
4151553492
7312657614
2103173144
4124392592
5084756965
3620585742
4673794405
2571940647
8350648857
3652996364
9911593043
2534396364
4944939139
1131566028
0286141417
0644926407
4134864237
5158626241
4913988383
6594413803
9292665669
9627318292
4854669371
3808299175
1183172257
2960298529
0386613285
4037060751
9303661564
4040020507
9209227814
5642217007
5291795734
1311353389
6169814159
3757937901
1080920632
7663834525
8967496304
7191859886
0469920149
4081013039
6998195193
6206881928
3301380005
1982641297
9288252853
9756526843
8174480985
3618495148
0900094271
2128838108
0432881064
4686383160
7500493370
2937783412
2577549521
1038285578
5804919345
5930190210
5237048806
6141237498
5035380648
6902313346
1228625940
2119987689
0398254178
1033166742
3290707363
1060477839
9659185584
7002368357
0023134156
7371305415
8303476704
5408824431
5651252688
7139584982
1272185807
6898888540
2788064311
5503612175
2621907351
7919985949
0093801977
3259213800
4955712790
4442531126
3024000313
9020615311
4771152981
0438482850
0066365379
0948592947
9852117618
7814357414
1266193415
2164352634
6189037718
8533773032
1500777591
8169219910
9752461645
2242308998
1463886779
9658010440
0734896466
9729270834
4608073249
0093416266
7729242454
0816909958
7028334175
5079486143
9242013509
2208083783
3040507867
9253641322
9308152598
5595033413
2301897965
9780940765
0918861053
5823532534
5668946907
2611144060
2177730629
3080222927
3322914960
2275889147
8888239408
8627918407
2602995755
1511049940
7410232532
4687572180
8430315606
8422376339
4350252027
9112502457
6972072904
7492590218
4686567921
7728006472
0368061737
6451966409
7478670801
1440830724
6093920742
9534878334
7648347825
5751173211
6850220091
4901267059
7667409089
8149497668
0908908461
5625117011
0648442558
1297390818
9456625858
6527903656
1057097692
5625903728
3648941025
4345116813
5618116036
3970673277
1485163767
2707535758
5513049308
1976407354
7871269808
8433177857
7664543473
0645304036
8402428200
5277479658
8810272540
1517562427
4699595887
4365753118
4344150386
1525815441
9466821140
9264391466
7138667460
7250564846
7393014749
0695744685
6951895409
4644703033
8784336707
6429818233
8197348151
7722509806
6163554234
5113982503
3056363327
7117661800
3478695091
6487555960
3036664719
9688495195
4188950551
4005965991
8105800957
7498135725
7098875859
7794383801
1813330046
9661866838
0472812078
3173511252
2448389038
6951270682
0499515601
9614510398
9961590775
4396849417
1958360376
9605270592
9411937317
6118491597
1528695548
1245186591
1958967157
2092582628
0647699740
9342853155
0752412929
6385155905
8828202029
7679404419
2808148261
4292480238
3603522989
0429579830
4706781615
8368112519
2003325096
6185350604
7148538744
7596273216
5602448361
7123564864
6276766026
5120907945
3169466649
2603625225
8624516510
8943722870
5065158096
0568823036
4858320799
8387779445
2435172611
2923814805
1487619130
2925350843
6445350373
9346991169
7771493700
1787171633
9963325998
7217735547
0160636666
9147097128
5995257574
1238918449
6349223255
0522275449
3755820147
7598472665
0479522588
1344486470
7459197275
7751607466
7355119659
0932044959
5299798354
3647464124
9687441021
1570477880
5900535432
8716194231
4516759125
6169075170
7369798431
8653180975
9630337476
2336041551
8828509912
8062298522
6589997743
7719856900
9554474182
7272003750
7295319187
3564583264
0799818646
1731925249
2362547998
6458936399
1751029966
5706189360
0007195493
5512932543
6507745347
8103056057
4542143086
1751129499
4007938996
6843105804
3180634325
6189642077
6879820689
6045989789
0860534502
8790888633
5552249429
9640767328
6414826788
9977286914
7097272647
1533411123
8880850792
3471594845
0147728970
2729983655
0513500901
5589643200
0925104206
9953783248
3297735114
9780464912
7868045035
7506619192
7939306816
4776920932
7262329735
0169061357
9739311851
8334696859
1448004732
4827082080
3055195761
7209392938
7363291507
4184842840
1403866407
2362042751
7328893337
7873400060
4780495635
5681666034
5191075788
4579443999
2090279274
2879945739
4008606417
1064031446
8186577992
4907152911
0025608843
0034508285
7290141228
0180302721
3646374986
2486937976
1219381734
5521784390
6634979750
1320302339
4380831245
7984427628
8809018632
9786977768
2677808448
4595497867
2298938419
4498949347
2144166089
4725063135
3474818383
8300628825
7063059425
0060484758
7894858103
5450218572
7837817612
3059999841
4549602231
9629616259
2842669402
0051061691
7687978649
7117167664
2864048126
6668024071
5925658290
1334012093
5682730833
0415040951
1512132985
6190604101
6642943445
8956468876
6502261686
3082565816
5949549833
1717824019
3224457491
2500826110
7132266261
0464432958
4913347110
2906060253
8770638923
5970576358
7772766152
3807184709
4699013795
1082196757
0625002235
2951908557
1641244629
1323175336
9426272472
7064222059
2227103417
8655356168
0695917060
4020934416
9958776367
2832905573
5321194146
7096187383
8828849725
4814791128
9937058598
9498377905
0666156713
3746934786
2513059017
0377018633
5354409654
2855226376
1381078159
9803260849
5061489985
5302849653
9285422306
1146057851
1833747287
3452702217
3309225148
8619374064
8943143730
0966483074
6945526284
2835018130
4366555247
9162178292
5473422542
6110058645
4968934926
4426651506
6680301086
6775832401
5904433507
8178861964
2133640362
4302616439
8600863342
8850118947
9423321702
2429024237
8308632906
0771477566
4818143718
2800162413
1568475401
3071607648
3323111232
0626154095
1160564746
1492192540
9705141156
8070957052
8632686096
3079693605
6126889450
1186403493
3394278290
3039296096
0841136846
7839694579
5297961059
5475324912
6746449848
6246629275
5347456326
0081176685
7516708275
4111825192
2141857141
0640693353
2349157876
4678603472
0579903127
7998985868
9036006918
5242990245
6420422494
9289825313
9205125947
0587753161
5039550254
7459299976
0701227685
4934929118
6163072530
0535257269
4731664758
4097862353
4706392024
8282290951
7690948266
6395452874
6429118620
4647886583
4115945338
1323792297
1039076058
6697710367
7024928518
6472497661
2087788877
3933929251
5102240811
4027769381
8848949610
0702511471
5738982826
6166736851
6645490803
3280238590
5344660661
6608418348
5189882827
3149660869
5620614065
0448158849
7330172755
6370147462
0510782574
2601979774
8318853235
9037185140
0607527506
9973803063
0353827552
2493649739
8144194335
1928018465
1405629502
3126841041
1722073456
5241813347
6840467399
9230472815
1354814444
6883745552
6388136563
7075653828
5032397987
8094063283
7214983125
4187461865
9165787655
9602623993
2172856956
5321993818
9417079064
4955309331
3712625999
5260186674
7097251079
5313263677
0494084332
1436228760
1159118923
3928777502
1299011800
4444902451
3349614088
1048559112
8636927376
2764191449
9601928707
4722131849
0553246580
9130724565
4567855457
6616094784
6046783175
5086176297
3268047043
4355146788
5689269362
9541268210
8289194953
8431854790
5485627703
1273559666
0477565544
2119184539
9728933237
1178644895
5547341783
2206750800
7946604826
7471029669
0107458695
9939210867
4900956974
0255884408
3292306504
6796510961
5237957133
2800612711
3762474002
5694473413
4407416676
4351816088
0253254407
6633687929
0406679658
6169216463
8692495470
6095872693
0688706358
5386404355
4957297214
8742168603
7165106464
9873899407
1395603560
2607206013
6178816963
7303572305
7878924909
9709647016
5693863120
4851245122
3904999783
0105926837
5152125999
0205259629
6361588948
7366005438
9113845288
2909476692
5459547828
5171759738
1778167087
2747082049
9318152079
6998463949
9599056198
2661786657
6764044612
5463597014
5380468240
5816123078
8425353991
8798169636
4138334750
5101592683
3368779100
0484071276
1230022544
8086948818
1881235669
7467535366
0676655275
5859630764
5496685129
9156807303
6464503505
7215984733
9451541519
3575196316
2313506555
7962032718
6537333119
1856132525
7473699713
0782157294
6871616179
6485768601
5520744030
1316387544
4840341871
0572751882
2387314671
9680722102
5699629145
1658677741
4920973462
3614666454
2680658164
7768639243
9033576729
8760586837
0305637511
3814081998
6433721135
4639706768
9713297790
7137593195
5495577965
7534106093
9356052461
3954307964
7052646978
0178374021
1095482793
4338577371
2195343634
2525272608
0927874489
2484341009
5133669958
4903213221
7709300446
5565294717
5426895458
0344933439
9836839267
6336552013
0476388694
1890885726
4039215966
6444919594
1835666375
8668563571
1870692608
4307735512
7361334656
2199663295
7277039925
5545782576
5879851742
1421009062
9120249590
9578822881
4092324334
5133991923
1226260301
4304560148
0761262765
0705321966
4451599840
4993168526
9899724681
7205174742
4708406494
7862059787
7176665770
2101356868
5486090486
2847433520
9583606961
7975401134
8343737637
0643581801
1454800908
3900348414
5559724582
9948636094
7986021776
2634692963
3362325909
9414096402
8413918589
5379350821
4231425001
6034237142
8675877578
0310870745
7914858295
2220416804
2771937363
6939280263
0013393119
6605436061
1068882839
8293274135
9498428496
6156741226
0026390380
6215832141
6781313080
4949636247
5833627786
2380714073
2111564248
1811292998
4705125084
8760314401
0903192782
4075085910
7366005606
2483551139
2755161035
8840296576
0083181897
2387150775
8255576575
0900963906
6439310778
2044072372
1394671617
6201092634
4440488252
3269850874
5443604446
6406134573
4778782301
4408939435
3244530399
3771575091
2889307142
3895971676
2204906590
2288094089
1558459917
7863395370
0349167577
6837289679
5701122728
6983114754
8685915316
2506451489
1676925374
5216674185
9478381678
8638495048
2476524227
7767970754
9725399122
6244704364
8525627226
0377162816
9507379303
1710244861
7153024690
2880572622
6574199931
9115338227
6488267854
3571622849
2575664839
8040009110
0725156842
9367233607
3735822130
8354940781
1720200765
9517234950
6947486821
0951993465
9677413828
0279778249
7893797903
0963791412
5153489824
0853531640
2654882473
4989583280
9593764427
7793354030
7000606944
5772451826
1744867428
6386668406
3276944382
0531956126
9795266690
6093065822
7223894014
3682368146
6648016810
4389118006
9847110662
8888522410
1000438142
3992890847
8021132927
1580442036
3780321835
1038076450
4934217513
0609276422
2682943853
2297629077
6026725705
6614194897
3917229569
5146745352
7665951739
3412498654
3379978682
7335974539
7171600571
8256267667
4402194199
2528044502
0625383885
9823157719
1492333102
1098801421
8309337570
1122663218
1657259784
1416562510
1953012169
8740368669
7181066634
8866623723
0278054093
2618959543
3497244947
5615265294
5239367560
3218799265
1844217626
8170744082
3463536355
5881518668
8883129002
2630419812
4704735177
1751552799
2046539437
1888904224
7945341336
8536816720
6800514131
6129487335
8091846279
3900411400
8052546054
3214956520
6914747621
2830688987
5411283915
2817079832
9399722129
8390366898
4679202646
7044594720
0275364821
3572698706
6566895718
5559747934
8570320297
8841230294
7919171166
9722608682
9168095115
3593798668
1048542654
3389689920
5037172512
8027531510
6174705072
1401901949
3443142004
1204506649
5981448246
0392392720
2034193261
8691603257
0892956028
5006733677
3228007766
7967146734
5858292816
5244800686
2421981862
9017372757
0134965638
5130044292
6809988070
7195768847
5211237481
3168063744
5905125272
8298211545
1137327421
0777456791
6204728234
0852912054
2347384030
8263052655
4388143361
7825101280
8169538815
1971604530
1243578850
4946985136
4570483907
5679470353
9757417076
4867358718
0371458268
6505590046
5845850839
2535215334
6296285123
8597924844
3820834619
4261331824
5787527842
2579586864
3485106036
6527634480
5257418264
7450478589
6683564640
8490434180
4192269205
4103735061
7507584800
9754697614
5671136456
7516767106
1755091446
1705879456
4360363090
4119075593
6580000481
0237005949
2893461925
3663816612
7829671752
1179039323
3962678093
6294470577
7599257726
6134660020
0598810481
1240663014
0023949748
4539549076
0061600810
3096821831
0638316862
7327823484
0235063931
8638642926
5855121371
1031925524
4163658707
6747408763
2836658699
7933265787
9672361269
9006636977
3697578733
3744099375
5588071606
6247523344
5724947113
6278732075
2741573372
7725582894
5763598769
5024355035
0635814645
6908883638
1307708742
2858341689
1291817125
6374345605
0947057165
6389900446
3760244455
4859201378
9223799336
2396913673
3172406995
8352156931
1177664186
2493694229
7427054743
3546607023
0747652475
4354426543
7874872594
4919836992
8973413236
3299300852
2018184446
3165479526
5800358305
5043293113
5808992862
3205426622
5870477349
8905492038
1729195275
8202206128
4275820743
0740783771
5951699209
4369881632
1790351591
4285037531
4545494871
5091961050
2160406255
1173179220
6548103626
1819225938
7810790645
2149059268
7823060516
2758864859
1796578344
9093423375
7402388585
2990136924
8152545952
0211922467
1020224209
7162257743
6488701109
6213272314
6473599584
7833803001
9684610704
3046482945
8606214294
9913870532
4494518333
9013603219
3524246295
5840234744
2154993132
6154236532
4856649697
5520165388
1647208931
0186678006
1247208968
4606898712
6003904282
8837152475
1229178879
1225739517
8074064203
0745037822
9128972614
8478490665
0551367825
0600600256
5549005776
5859028878
5254979076
0258209217
3613213208
2092790320
7094744495
7937262951
4247130440
1495129623
9037618044
2889326096
8144735945
8457646388
8634980459
3360960064
8311702616
6713692138
4625199921
7964660833
9736754330
5720768333
4796440995
5220512649
1396677307
4331368113
9407779430
3729146936
0113298541
4627608205
2252970613
5012401020
4894688485
7329887635
9894196889
3441787106
7637354962
4032849671
9318434279
0028869621
8015772286
3209529744
4245975207
0699664995
9968878711
5503577955
5787894015
7882216619
8681906272
4525056566
3782924816
9986777747
6079436013
7054313750
7009666715
4856181264
6837189610
4086082138
0608233637
4496236376
5980366101
4516516342
8349595566
8335985581
2717345743
8093056623
3224406728
7740378952
6571584206
2278203853
0924015123
6605944174
3211835347
1595512414
8385327858
1352651335
2140869341
1259991714
1465617131
2073562401
8918645991
4640890691
1561368963
6838568102
4454978099
4188720813
5016892018
6822225678
6825745040
4752404031
8267882256
6305650917
9710707218
6608155669
2292857703
2275613708
2943300610
8447928437
8717010538
7692737088
7761169762
8680925003
3279861115
4594140134
5090811992
1186508422
6685012529
1304984426
3226700861
4528538102
3351342592
2312717825
6041730520
7151835405
8302689133
0163824636
6569447405
8962919045
3114780781
8212076480
3883242847
9238154729
9602438409
3135475326
0859042220
6103313286
1989293457
8573196493
5006645756
9655949483
1959369671
2645843730
7889036807
4772825684
4459168403
8459487539
6170924745
4177593825
9704423149
0930220738
7285210702
3061028365
0074457080
7237119955
0843994400
3117747782
0939387604
2848942887
7488768329
2692779451
4082001941
4510819956
2938307811
1324260124
0045327102
0851969216
0661785850
5821649887
2107082934
5434244914
0333338297
4659486047
9619035285
9402225514
4525390145
2918072177
9154865680
8249802393
1434024763
7395029652
2678568261
7559199638
2835027539
7031130864
6929831623
7077652283
3062819528
8943667420
9626587546
4075748841
7740882088
4021053962
5555566787
0233563895
2400441372
9143701930
8423706181
8936253298
5676303714
6302980691
4414563754
8833480174
8578856844
8323509053
9494790576
6508597326
5056682339
0885652825
3276856528
2829358162
6374349059
4308110611
2510226342
8074847447
2030753185
2262451997
7913740038
4438142939
9683883483
6444519655
5443776512
2588224351
8106783880
8915180933
7857490102
1587510900
0629793802
3885964361
3788279694
3685616646
7952283700
7676800142
5481457146
6377157498
4747584810
1794448028
2338914559
1513848925
1464395642
6975017867
3458482103
7741658120
7776230801
3775355733
4701030061
5085085547
5176734503
8282904022
5261758849
5980243534
2700300567
1394682436
7516768452
2072176988
9132131343
1085513340
8011438366
7450571747
4398100484
8202881707
5933748629
3172930135
8338143632
6225287265
0935422835
3027750357
1682610811
7447101385
5568427734
9287803001
7169333102
7698153150
1614135727
8285830503
6130303571
9203244295
3985400876
7793116398
3292179139
1060310948
0755099917
4335781270
1721156051
8135814752
3794492771
5336584692
1267891524
4304413358
2874388358
4652646466
4170317053
1546595767
1070907280
3299313557
8299765029
8754089808
0001065031
8128477277
2455000002
7000203211
6735502834
1983250335
1778257391
7380286663
4886449562
8054800794
9261826321
3974147021
9219815949
8204539671
3891659001
8181478005
1760818673
8486182366
8413957322
6004010300
9841154651
7403541044
2432225454
1418500709
2016091600
9616949933
7040831741
1998809659
4967681127
1016733821
0804337895
0105895728
7929577293
6958700200
9681101923
5146886390
3419349529
5742430986
4054716456
9171598388
7569778376
2797529715
7081385171
9679242384
4349160684
2814123490
2719547683
9260034241
4213174696
3748726423
0213206289
2097149720
6253024274
5204955998
0365975669
8159244259
6636583727
8428146013
3709208700
0195715729
0293458535
4276008931
7578610989
5314780522
9410303650
7853232930
0633972213
4416253759
4485301629
0593342588
7547682674
9885871942
0375772316
7536713765
5308823649
7834778200
0017078826
1121594774
2652161331
7779633466
8684636551
1927380787
1257957126
8499721124
6261590017
2545808383
3702240365
3209418689
4597203862
8059280337
7879107521
0870021568
9825403261
5443576907
0107386277
5177547756
4976418143
5260612084
4986571667
7790967662
9648263066
4855243709
0267664912
8442988022
6773027845
5607070133
0665702607
1901452404
0533629668
5119011521
0405573420
1665576597
2970219317
2424015413
4059177586
6502411933
3748221826
7770879934
6246052997
1469424274
0265457082
1348799715
5511458108
3110618036
3308367109
4626718519
2602249412
5812576884
2176065747
7820051239
1202717828
0334859495
7350769721
3894858730
2091656648
6456196098
4905517072
6880149655
2791158751
8782687797
0542560425
8848254799
7647242175
9694157579
7100768077
5742473829
3341078590
5184805575
4630406658
3499685185
0301332993
9261327805
5199183944
7289790903
0522516234
8837024626
0519124464
3421193407
1197577011
5727684817
0614631369
2903039026
5992215991
1477658290
8325094335
3154632190
1522792359
4390771975
9379509675
1379284160
2279534804
7514766652
7620940243
7618648359
3231189106
0190624843
3674541154
5227400378
9049737673
6643649628
3835866693
1258056381
1891802290
6899655770
8416750240
1647547001
2732309892
8665274941
2161166651
6807463071
6033543611
4478042944
5221876184
6589323288
6195063134
2497226451
4026336457
0680241980
5076726689
9479851223
5982703807
5644060454
2174771498
6138729813
0566960194
2780926462
3109520814
3588884998
6420111270
9151180810
1902152674
9732269529
4188651877
6379006717
1628566961
7071083975
1829163322
9770795494
9517680309
1847659441
9648650855
5078526271
8213963544
8311958540
3604574725
2510509377
3185112249
0382425890
9044137839
9220561979
8052865319
6877520377
0437081424
8941788371
9470997440
5611886578
0215516628
3819029998
9916453015
5207821981
8245873018
5088217784
5769897589
4780235407
4403626782
8104380511
4989164311
9055527804
4911858953
5680586413
3190155336
1072237065
7587665591
9989459885
8633057483
1314631504
2164548959
8679142105
7883863593
5763249055
2275912543
7111812278
1343828968
3078995330
6398238641
8983783375
3860958281
2766172789
7892342642
5047850290
0861903070
4471940594
4405898986
6578059930
9155213696
9971710699
9388109178
3499391470
0112607034
0032282754
9543159188
2959704077
8278139859
3672187650
5657363651
8541446117
5603068100
0872789913
8714864407
4591437977
9264660414
8586466177
7730370716
2152780568
4423956226
4584378888
0208097729
5435079435
1564681475
2804059931
4744049506
3120420085
6434771112
7681714410
6109427263
2478609851
7842902905
9117009867
8168211422
5572717919
5273661082
4064725275
6388505142
8399290160
6859234922
8364411192
4944109715
4438153016
1295999456
1486437652
2644535088
7679487323
1888603925
6539381803
0640489021
9612281656
2324159833
8731846219
2065130679
2618364331
2875316142
7246361186
2577635710
4693659562
1134952388
8371630044
4523576008
5651887231
9151951105
1600175153
3260104189
7510476317
0793462384
0518598673
8128100380
1905297579
5474662677
8100222336
8343134173
1946240077
1475070775
2505633493
5524924920
9208451307
4284892020
8822369574
3187887691
2325830528
7498047748
5564046698
7520267812
4644833423
8135011553
9783047930
4333095130
1153523987
1090276745
7643225955
3777256284
6557761274
4233985860
9248237247
2427523471
3602402579
9515626734
7284642100
7765968750
7500731932
7815943148
9797890566
7893902580
7403989886
4040022623
8928867674
1133577202
2882523271
9185920493
8874763436
3778853520
1018049549
2648764964
2011673254
4225014248
0197220483
6715657990
9188416257
0394918851
7797066547
0627558317
7701519536
6975357923
8622617153
2648186309
7431667737
2813838958
7290681110
3502611912
5607647053
7031172580
9602360082
5743574759
3702374972
5789386062
9479911570
7089789735
0578605220
2218284978
4870064594
7311405393
8031781880
5543624227
5799039503
7586250033
5725578837
1547882380
8135179582
3014623614
8636768211
7550092842
3249983316
8768816241
7226838259
0472569239
9122579057
4117173041
2187779533
2195443875
5055822472
6309891790
2169401757
1657911456
9499938402
3933679727
5728245141
6051274032
3798330812
8768389973
2222114930
4573116179
0507010918
0373332355
1869580748
7508663349
1501396014
4555968612
7382007080
3801221460
3227812327
1807053460
4080126369
2574207970
5450065585
9564833668
4629752393
1398588899
1701137105
4637988428
8886972556
4158191932
0981233276
0332150661
3726224581
9818101809
8351851013
6880374526
2979665576
5176095611
5292485939
8674358569
1858659923
1575781643
5202327738
4723644683
1479106662
9867649173
2401749876
4823018451
1012838053
3165464387
8815973561
0055095915
8476076706
6954309926
7224831734
6348302739
3221988901
5970384295
9096305371
0812035330
3659339412
1491449553
1521919860
8433167089
0858497085
2379292744
3050801698
6512277954
9036617810
7081067485
0830667097
3296918374
1756831082
7073916772
3092431496
2190936057
4516942034
7368667329
3133002736
1810079529
6914430507
3408727593
1652837266
7488312737
7504916638
1896831995
5983891242
3086512362
5840712817
7359639352
2135102488
7903107912
1899748278
4489833894
7248255543
4271863236
3205647470
9362440585
8661549657
1053535358
2375473021
2280748998
1258397737
9927033259
2049305191
4318134370
7516139985
1042304099
9729258907
2629932298
5013750075
7479804348
3841431552
1491837137
5372825460
5078631824
3650297554
2287526585
9023205546
3206596187
7739012974
6258237801
8361015475
8262336707
6389741789
2531607642
6868319626
7436194312
1854244573
1975862830
5328114309
1601580212
6495856886
4912609798
3201902350
4391178366
3989336107
9590994864
9356815232
1351151836
4213896846
5907817609
6871170157
8014686460
1573730848
4757883056
1709679682
0556065062
9637726440
9075373640
2697133048
8182134411
7474446356
5846807045
1196357012
2655920162
1735002928
2486333934
3336970286
4699097672
7687721578
1709351095
7802934856
9693893951
5713024971
5606354485
8458582625
1709625047
0798515015
1109091784
0789149631
6049961663
2172555141
0534309675
0846831414
7786350009
3704018054
5929036720
7486556240
8502566670
0807764383
4111475162
0825807523
9230078862
2139592141
2404009209
1924839183
5935975010
6030854925
2694663857
5069474501
9420115068
5234677943
3611755280
1281315897
9147496771
3615225157
4607821276
2144343496
2167963008
8089914961
6244959434
5293614357
9779189161
6088864743
9199147762
3183311786
7170815840
6400402547
6042039976
4163796610
8996185959
6322461919
2904627680
3040862853
2612324515
1237226328
5745864655
4201937672
8455764094
6609095681
4844815787
6597718151
4909221163
0245118265
2044193054
0383555984
5735600015
5312878589
7141496516
4161663413
2979750258
1633914899
9541261781
2282231319
4072144577
4066943334
4804380554
1261272508
0602608671
1053466603
0313092526
1013603541
2223005445
9485550084
5817325356
3465272990
1051541120
1457563135
6897474308
8161806734
3462791377
4078685974
2321094965
1981763185
0952451668
6439052339
5384718563
6714487380
9566105058
6627569403
8537487017
5286058163
4963734503
5343775202
5631452149
3201986374
2691700705
9480456412
4484483272
0511712473
2075720369
4696518675
4010420172
7824019687
7940129589
2553205204
4495700947
5720759844
2227178827
9802893935
6207895418
9941274143
1936103534
4989601507
0131521716
6561402920
5892815613
6929976453
3327510066
9183109101
9318937924
4474680837
9066730183
3579861019
2193624506
6823828325
4795029747
0608213994
5279012333
5712758538
1117231316
8617677926
8882015288
6901314019
5806359424
8412901981
9497911661
3100466317
9194131951
1949865275
5933537819
0325697836
5987290377
0776079188
1987424357
0898219981
3768173038
5808888458
6320895234
8883652140
1783411053
3568214620
5699072607
1677501049
0085969477
8075508154
5442571648
0848363379
9249607767
2822424550
1767406253
6019303144
8560777994
2916747779
4307939201
2531878898
5344743431
4675753839
1579229275
6071013703
9755444552
2137841520
9523873333
5739922125
6195100921
0198522910
8793224515
8193571509
1868031966
1315176081
0532572709
3216273426
8535460405
7239323113
1414169335
1462314171
8306863865
4320152821
0696663046
5765515691
0329534158
6552641999
3012271044
4988463660
2483528239
5240152288
4393306368
5340104426
4599641990
0550470663
4141950756
1479182463
5683660833
3114387892
0649780540
9990171907
1549081576
5555560693
3498670053
8480967838
5333073826
4411657619
9890643840
5021022935
0575569838
6355380100
4446007750
2175002008
4581401131
3920534238
5201355420
1532481177
4790536020
5184295871
3367955545
2025872192
5180020046
0477499206
0783173067
2264961091
5690900313
4115074889
3736929913
9337560055
5513089984
2554788174
0848357118
2456164055
9477169233
4798734570
0768420188
6361857629
5692829997
6395202012
6533526804
1735487840
6155711181
6796853043
2634659732
3198937584
1277421336
4873170114
3451136464
1255540683
6778679393
0829097198
6006267929
1890774168
8799771381
3046287248
5207667855
7255006250
8684720989
7018071201
3110620073
7038489173
2323043231
4882639321
0995537770
6338710630
7278643706
9671797013
0351452441
4658289371
5030133324
9061755377
7722530070
9566232509
8528060482
1710018482
0459221896
0647952443
5559795396
6905780411
0023783836
4043973365
5621925949
5511164268
9464799855
0185276409
3617009163
2332982920
9533632038
8926592758
1750462591
6750668547
2935260596
0745724388
0125023276
3107239126
1288739686
5355858794
7294268881
6420171310
2267304942
1792862667
9060783758
5580951177
0941940835
9991647441
8224996447
8293034598
0407052520
1352409546
4996316945
9302365921
0597827988
5626770610
8204030857
9861369014
6653861631
3312369811
4396481000
0550465248
1808998685
4750341893
2161726019
5712091298
6628930260
4617042978
5763736965
1758057632
8729500597
0345257412
2792237546
6237195452
9949193268
1191615486
9064589564
1243808630
0123527687
6094568233
8081911804
3501435511
1745254975
7471753485
1362737694
8241282852
3890634367
5111589020
5482483221
2833163613
4240322495
0205297776
0233422570
0031008346
4979102276
7849692446
4404600924
3121944080
3007546787
7071604379
0039476210
7257598188
2210232828
8911073988
9895167437
6763432006
2155759203
6281255785
9919752190
6909989923
8329275706
0563173949
9756104530
2223683778
9697558146
5132708871
7663022749
4688764187
8772930136
6822855653
1737731743
0822430082
3646969831
7639260030
7651008942
8901969346
7656372346
9194180594
6379436307
3124736907
9309299569
2952471173
5313056911
0907000000
9572620684
4570608458
0413395209
4537269669
1724765652
4373662818
8953953647
1919582995
7709961760
6535831034
4005255883
5612679926
3450439639
9125834491
3701527339
6112106509
3824030967
4902873215
8268540237
1472525237
4106733514
5169226331
9919448167
1078229661
5771640515
8760320426
4274630244
9030199946
3780232992
3849558037
3063575179
2151561118
9781588834
8895487392
9535173562
1794912390
9328641460
3195008003
0703176139
4444052266
5940529342
4468826157
3086986035
6335233920
2850212007
0783648335
0708811193
5274438272
8576220555
7429073694
7280345908
6702370397
8016998042
5784665019
0180002575
0515889858
1182889132
6997151020
2537537535
1667519840
7138144411
6099472399
9524844363
9758813478
9132064245
1334732776
6903456532
2332921661
6601081432
4905137413
3355225119
5449434824
2713698798
2108380944
8129231684
1651978391
2174205000
1784599160
3738367714
2114739957
2393752505
0819202167
6944349502
8556754017
3130026591
6305940172
1690630988
9658519570
9828109345
6200304365
9669901900
1416857550
4469573533
1498478522
0186874082
6349886021
7800539848
1102710905
6967154325
3343534107
4816814868
0381103281
3020352137
6074978972
4831591596
1769699159
5424464171
7922175794
6737080086
3520956001
5954206003
9982457406
9820417699
2828322462
6071805380
0637852627
1181177031
8031376100
8956580061
2220697402
5172822901
0176147586
9211545383
8668002490
8832027370
4155381141
6280441001
3059358923
0349040556
6569960766
4421821246
7500604417
3708957779
3041420249
0761791764
7582854209
8864379714
9205412198
4841616371
6266061811
1257684356
6231799798
4406070579
0488558062
5769019142
4810791186
5367637201
4594702202
4036771618
4491223483
9858685442
5283843164
3393843144
7481467592
7871442637
3098961432
1868207543
6524431079
4933107587
6056956361
0412185120
0011007840
3158165945
7500691177
2346646701
2768273626
2573338426
0670782005
9847164817
5985792418
8011243608
4411590793
4565052239
1598748058
0299628714
6141400020
8755299922
3832973418
0621349606
8047827061
6435500230
7037620785
5249688202
7462384563
1827651425
9853534434
7721107604
3291374167
9140498952
3267520378
0868419611
3012275043
4842144119
0290222029
9734875160
6405973660
3296695764
8889309042
1344437924
1306934366
5818330990
5213791960
9902591895
3136145269
5921426781
6668292382
8057683989
0587767900
5002807266
2481531916
7184795674
2627969250
9442825563
1087878094
6566147500
0222726011
6895326268
3039686252
0585387065
7485958746
2567255288
5433264010
5206231933
5943252707
5860279438
2372772355
3864545706
3273284964
9532640720
0176505067
4002253201
8752645103
1218479488
2782056180
6292368087
8451687362
1514059070
6317029049
1521333267
1467321764
6167609857
5505806773
6771371515
6967116072
2516736413
2743055949
0558430280
2048039148
7017208743
2104456055
3082998203
2065242317
3848100094
2727564190
4807254448
1191338150
3646303060
0547129896
0056751077
6482765256
7024200794
1165543490
3368190283
1527072810
4409198897
6267018891
1193085528
8115650432
0413659048
0204210706
1339167412
4878970379
2522058899
1950063115
5923980104
5394468207
9979907651
2409438364
3910523752
0941721561
8341193341
4290047721
9129305843
6713994110
5339978178
2635647047
0819562867
0885663714
9518593953
3631454086
2494540423
4498573853
1863834390
4991496991
0185101687
0274955003
7324361491
2050109981
7739872967
6990562126
8424120419
6752388494
7371026293
6979071640
7033453292
1332072416
6404551054
1201937191
8211603723
2134375505
4199386934
0247459265
2095383147
4467789820
2734859642
9788364442
5337184935
0483771674
4823832816
1091992451
9924670314
3445503970
9944420656
4431504714
0054132775
9832314345
6208702078
9029539578
6925379009
9759826561
3057293721
0564292113
0121625452
8668940074
7853109020
8906676612
4015993893
3099698007
2816933865
6622231564
5715383492
5463356084
0134696294
8908488193
0158125390
3410837705
3405194158
5954743949
1492541013
7391416800
5188375644
1433385004
6382209873
6339834924
9140635556
4885483089
4439738590
7059274449
6896380311
5577125115
2377489539
0178633672
6989335593
2302127662
8101037301
1349942957
0234805643
3637842731
0912999518
6941751892
7312476701
0778004506
0724291223
2270522467
7953657337
7428349228
6019329524
2444889432
9467411238
8150156505
4457173585
0053759238
6156252041
7617379839
3581384091
0713297987
2351837282
6521941715
9618564957
3541213549
2536125871
8541883218
5810656325
7571733811
4651099709
9639239581
1661639963
0732705839
2558075061
6947518459
2862420013
5273010863
3939617870
7087509095
8895845506
4004751268
1960433274
9594399167
9305327114
8436943039
5611931075
9830543319
7495224172
9014557992
4685620082
0449883069
6524805573
8930221691
1444506389
8586901440
5046392422
1044099167
1213611392
0335412493
4007402825
7619808765
7781452950
9060204137
9594100025
5035499990
0874747443
9032149928
8720683685
5577259450
4401304123
1454299809
2890839538
8817355046
7606605668
8667551830
0678885016
5582988375
5669809734
1079955745
5561186530
5464131076
0122283543
9570668546
2073328929
9893958226
6608486684
2724392621
4052715198
1773322006
7516859157
6247910802
8846253957
3132362163
0614670979
3828748111
5555073839
5298905914
0665735959
5538181763
3613979287
4933839924
8135326367
4661022317
3506581297
0993113110
3838672064
2735085208
6721535872
5514017662
5625522391
5059032625
3943229509
8924855544
5915326836
9233258401
0115368363
5116387738
3063096594
5150576026
7447784244
0176252929
6939242965
4893772714
8818624242
9952407823
2156753964
0388389608
9599707149
3384518608
8976418086
6914103230
4093133578
7639452468
1151122887
4238911949
3754515434
5966498405
3008728010
6927099973
0217335477
9655049755
6627136322
9175964673
8620805361
7957222299
3018904805
1607291334
0906700591
5978101310
0275355746
9412238377
3229471915
3801396731
9844565719
5011505724
5793485129
5593933995
7335547966
9675957602
1912171230
5894131623
3024355437
6410541316
9926915480
7559677569
3019123795
8481538040
1562146382
7877458400
8897324289
4690655692
2038153048
6771733153
7852903050
4414795018
3288287363
2804615426
8346941837
3103386227
8435959469
5463202918
7030564508
0066879466
7740933950
1535265806
2385990795
0268139394
1053574671
5156791353
4395065782
9479149126
3261066007
1341713722
8579285940
7607955794
5827460937
4525747899
3181894433
0342966882
0505483762
5564600856
7436626339
0315708799
0554374702
9825633058
3752405638
7206200540
6937031660
9867249838
5844818378
0351472714
7477645716
8438148871
7352061288
1040652868
8129981875
7371241911
0210171981
4968479101
3346582827
2201123365
6677188605
8885170680
9289223051
7056236594
9746088031
9880632094
0683865746
8843743661
1040688627
4264368332
6191887799
7550012736
7414522798
1099258981
8500062739
6103496618
8770986722
4468377830
8442289149
4667029684
9261099271
7142936340
2778332522
5810346222
4593933647
0360615275
3026209944
9565269665
9032042263
2775234847
3795008318
0363648148
7067356111
6807810429
1326034075
6388022847
3404775536
2240589073
2475861947
5820251988
0222678212
9121147810
1528720364
0342945896
0219751311
8136486355
3735276386
3573893917
1990484557
0693963681
5428354275
3677365961
3447755397
1273783589
7049556681
2515118295
3894425548
6164498243
5606494351
9335113090
0422675058
2843111799
2866999960
9059135498
3145832158
6099693307
9421585589
8690784638
5368291748
5511152488
9501244841
6315222676
9031976838
8606886131
0606234248
0730576030
0530279438
9096103876
9264159957
0290736977
0231319235
8622516505
6277482936
9224717763
1992082104
4194515999
8454132381
4497696561
1642517210
2539392103
6027865066
9111262648
1641705292
5319592736
9506396820
3335391368
0706485465
0932252256
6871743015
7407265377
2789605443
2059249871
1636340666
6239593992
1669604913
8973147093
1365724533
8526338822
3656854312
7323438087
4751523206
4287648600
5902073218
9919461720
1390999772
1225778111
7669281454
4869258693
1915144513
7199673662
2510863223
8764397191
7683872177
6407522037
0270065391
1555911567
9671980069
8334267114
7180297834
6759282260
4058108952
5549115905
1108455395
8395244130
5416149394
9834436240
2923038047
8548693051
5599459795
5850797651
8784082435
7143048283
8688682181
0271357078
0160149555
7168528227
2107695138
9992419326
0451433267
5205561184
5669451717
5334843208
8936157397
5282098209
1879861661
0274997065
6580754649
9150495939
2159573669
7723591856
9534302857
2874393889
4384430668
4549887844
4034503282
6744021226
1953436681
5093701580
2661861525
8413694248
5330273773
7916545650
6947403920
9202123904
4060439579
0240097788
5631674808
0423085800
7697700602
4183375708
1037019424
8784692211
2718257579
4088615670
7384050244
8217737929
6280566215
4198766555
4273625884
5280343777
5414559715
7541223449
0068834361
9728002106
2599356749
9364258149
4145071116
6967361848
5973942851
1199666909
2188737953
2288770556
8847676572
7112309426
1318010750
6907400987
8680945535
9222707740
0808089785
6581025169
3851237198
2803066789
2544154089
2611468460
0934678530
5335212399
6710937496
3692429446
7794578882
3266672004
2208996175
4065568713
9197096335
4978329244
8106143677
7724665700
9687093961
4139216683
8548104491
2784202469
4488622219
5639678786
5054164549
0049664530
4666806644
6834600260
2990884735
3553579354
2854287676
8984304188
1327023155
2205367759
9845206399
1465775196
9226518993
5526148588
5166214933
6725195609
6673949708
8185741203
5134950426
0871025837
3006836096
8635048254
5113373872
8369950889
6646322053
8125196801
2141467574
8516639209
4346195366
8490300408
4182949234
8564743063
1972661921
6616196226
8468146151
4083474610
9557016179
9693849380
0925860367
6473877283
5689143227
5445061903
7774248205
9403361373
1519442530
2533642557
5956360194
4637649262
2167985134
5585846749
5833953560
0911883447
0558439346
2413069266
1775542140
7982598634
1205572087
1868662716
1617730923
9331191375
6024505558
3597528581
3830806564
0468244088
6136489137
0837344500
3972164832
4422391648
4774697706
2545785963
7617454551
8919487665
0727866502
1685529880
3523515121
6215813323
0945094430
1338690855
3398311122
8233702759
1203970107
2062567945
6860809249
3588815970
2171662925
3043453341
3833918809
8015272072
7877345258
4587607397
3487406937
2623777538
0086769154
7215985829
8541195032
3157014361
1479092138
2879247392
9750308435
5411498817
1270496362
0307359244
7753880204
4089023308
8081839829
2843465470
3742248723
8227057438
6674599894
5944443587
6661943189
7000813403
0671069606
3424159733
1705637896
3747885095
0638233671
9692762345
6992596696
6128149239
1752309877
2289735162
0113130747
6356033642
2879671056
6103832725
1485954926
8853901457
3159639237
2402689346
2422766998
7416507971
7764678151
9859148356
4157419211
7782661151
1028739541
1428552246
5821191108
1344684587
8488283294
4863247920
5160885986
7720644965
9787278589
6378476330
5206565758
3451679991
3515901663
9807951185
3414344313
8842080767
6268503294
2174465124
2399750981
1186957864
7748714464
6190014060
1177438025
8602668729
1452256950
7967077483
9382977088
4843981144
8938488230
1646144477
5787884012
7423793719
3433381808
6262733102
8697053746
0887985442
7971788643
6957313206
9368831800
8208815824
3757596837
6672783040
5137084115
7055554852
2023532685
7635980075
6967369099
6099664261
8217086760
2633942266
1813567686
3994664215
7584393147
6931721060
8294774796
4024815219
9703031772
6778443541
8388788485
2030904147
5907859092
1127268453
4854243859
6682321128
6402125577
1916211537
7534298468
7736543075
3909768557
8753732585
2016166697
5068878089
4730003482
1961997107
6368121720
0678205355
1672997980
0647023903
6862048425
7654867665
8733393608
6816825236
2122890366
9292337668
0106172847
0157911630
9607479578
6734098864
2735602903
3366877163
8460828852
7986365499
4724731656
6770112550
2727556275
6892518936
1777327722
8008407252
9483295048
4139512105
9541462862
6999076827
2913539835
1469600848
3102769703
5651351122
9407743257
8004731927
6921270397
7560352032
6367934977
2149773464
6990096871
9013075604
0321698797
9648231469
3470611000
9503666895
7053582586
9224153239
2594706532
0338112613
4554763380
2062094160
4962712348
5152606083
1404729602
5138394257
3092198819
4679812954
6923480258
8971992329
2131841223
9302428140
5139459306
2798809693
0815242709
4109184495
4691575884
9753564397
4506740975
6231766564
0790730856
2146372330
9250755628
2880189888
3852805260
9357820043
9449993247
2971753672
5283265872
5380468513
4825024729
4497324613
6643913464
7960543779
1019307743
0871395533
0087424830
1549460760
5115725720
9656739357
4015111901
7715798262
6830965004
7430886016
1661756913
2089203054
2164706528
6924907454
3289595347
8317268830
8904358488
2813647445
8707734048
7548403228
5751206662
1759984911
0402034843
7650120167
4966633816
3970446698
7334439357
4617518544
7975673912
3455435708
4282264510
9778261389
5888154569
9647180720
8002753949
6835713842
0457166836
6969879119
2056339312
6240783828
9331161867
2729603143
7734976541
6182353576
3922142910
0398944697
7443049058
8942747928
9553318662
1411390501
7120679274
0569411393
3066856797
9943373911
5211088615
7014998577
5740311657
6098275696
4732710665
4130256543
6996511117
6969874656
0410540873
6145330531
7903676478
1097965489
7366709166
2415568060
9741439305
8371774287
6718183474
3558212283
7026182196
8820000785
5018329424
9307201488
4586037137
9887243502
1378802666
9603699446
6454876986
5091881374
8169984554
6463427901
9652851297
1202124720
8452530816
2651859274
4967947657
4493333684
3495089617
0836616230
1577384293
9698507216
8214950615
4530531668
1315947728
8651272991
6959780823
0884075505
5629698877
1353355270
6042922744
8073582114
5073683502
1076357232
9561769811
7994313583
4114704833
9486017089
7314654385
9334126567
4358727081
6640270689
1903353518
3977495932
2767560138
8071359628
8925889187
9714996039
7716305460
1527972495
8112280302
7521998973
4611929513
0917476847
2595505801
9862747204
7017763550
4145560280
3845133616
6573739452
5377300270
9439241361
8685628507
0671778684
2123288984
4803481880
7124353605
1359274261
4797885030
8982577780
4047835612
3136813364
0205829648
8137306056
0985877896
9361869651
0568025313
1136417999
0161321425
8765917268
5535514442
6793634721
4961173938
2371899898
1266645172
3951297107
7493298795
8908378527
6930394900
0764750354
9323704105
3519350196
1183197116
2844084194
7786825472
6469488319
8610525371
5873685849
8774019656
7144526618
1914318372
7576522228
9703664835
2985266445
0718895709
1951376667
1641417421
9320587127
0923752489
4538494698
4564254747
8996363575
0003852502
9479618170
5495406495
2481226938
9443793272
1011296673
8197231845
1958049027
6422342824
0937375399
4705587868
2155060469
0403937875
7250112530
4403875601
9201287027
3368807076
7309333727
2507894702
1656256547
5851397368
1346799405
1561145626
0212809295
1129867679
2139907651
3444310313
6962674946
9397800331
8925368819
1944639913
0846067855
4510568233
4308967146
4098963562
0397280817
5405272646
7015491940
5961938203
8075480722
7438339875
8781098425
2066713790
5299803702
7443423119
1041329409
0784255345
0141060133
5641391006
6117693610
9641488542
6358990463
4528484196
2506548142
5238710818
5819603021
8728570135
9817064391
5915910062
7258504979
1394377345
6424904215
7653258840
4050914530
5179021743
4439509964
0710619919
2349155355
3005048821
0036276559
8345233246
8427808401
0550352084
0258542002
0923767137
9429887724
6723084014
3951016718
6775499516
2634817224
8015415243
8108696370
3500996907
6683802027
6924312327
0551114928
9998725778
8813784964
1785668153
2984467717
1089589938
5249199217
6876798446
0838186866
5940341441
5593522372
7115401556
4890817683
7977900149
3264536019
0636524328
1378318113
4685920173
3075667881
3209787793
6322422306
1518738162
8540467107
4303943787
3840870942
5920151127
1666604760
6886390294
0847064331
3912958162
6512509368
6985709681
4854712394
2825820338
1544444069
7040634290
0933578312
2058979286
4047452217
1976367043
6370931775
5861344052
3001688644
3380845405
7828679944
7061436539
8476559983
4077596482
7140707752
3861137227
6475046671
7618296201
7844078165
7550309177
7772943338
2514951909
8493462618
1516142412
4903090289
1501539867
8910037842
3127702032
4170251941
9769514727
6454123728
0961641083
7366801394
6781877720
1565759778
5319020887
9985963975
3707169211
4369296573
2463741724
4584929703
9983939204
3991608165
5227106276
2623808209
7417821642
0538961895
6889492709
8264456370
1952901663
3276715252
3912659036
4810017529
8765417532
8133977725
0642385059
2884142487
3064895309
4458563300
8568629378
1105339359
9386740286
5404474405
5586179297
8101620718
2061551826
7616749641
1194848063
6360597334
2662922043
5664303450
1256282819
7113256294
0674947598
6976741713
3185064821
4705305416
8899147067
4023842599
6902679666
2135847701
5540197936
5657557033
6862389658
6345004680
6882413915
9276712000
9866212732
5195590113
0473531517
3744668467
0269483338
2759800871
0286499328
1226179863
2698314960
9913387164
4004499354
1577297174
6033122582
2141234675
6801427815
6658267909
6636249991
4775527925
7265923675
2346395992
8779740993
2417381610
8651690582
1777359931
9887558957
5499868317
4394041555
9375957741
3209776299
0179857695
0571574722
5977436210
8347613833
9453024287
8053218790
4856409693
6520814709
2247000780
0422776014
0337009093
9399841760
7044903673
8569111517
1085837589
5006558538
6080276470
7874298319
1760537005
6694927748
3615644622
3020673336
4010500231
6487650523
2406564858
4610745458
9686491400
1750822988
6641617283
6095031704
8840372575
9093713062
1710967412
8566195360
0351255525
9850699176
3819941735
6691480230
5953892289
4456461174
9791266010
5609338750
0238308152
5142135151
2856163662
3386054905
5689086285
0693940264
1519498473
2119035958
8617481343
0154494109
8161567934
1831190434
6339551079
5559965883
6836469849
0766252342
9248033776
0559277859
4383857224
0286158239
0307243201
1684601733
6561490038
7932879536
7311706685
2074468509
7400867718
8777221079
5420110134
3851923605
9381934182
2037101846
6199674373
8770192272
8312884778
2922801665
2254689144
5114027086
0660079828
2972536526
1027392316
9615299824
9858623895
6798660748
9306713368
0737366994
0170609358
6927031406
5860834645
1409466037
9114255500
8409238761
9670878043
1492022503
8554232114
8658376788
7538196740
3394816791
7941331454
7964358913
5133296209
4762301632
3923156942
0928481232
8694434742
7680343048
7935902764
1649884682
2330586866
0563532569
0232710048
5514578995
6566469590
5464847505
1306684458
2729374356
8363583562
1424065020
4053873141
2226506264
7972460410
6215771933
6465187532
5058512968
2023459828
9131003351
0376155639
4760661041
2346810252
1186723897
9634618009
8232920961
1382578459
2728815487
4803777297
5502062058
2499100068
3181752747
3290309078
4343804418
6667314009
7791089040
8018489747
8964152644
6609220853
6943223705
0841919266
4301308482
7089217176
9489836480
5369127046
2672825222
2640781580
0331044282
4259439145
6964031145
5980143148
1095846686
5997969443
9315819256
4932381021
4637365477
6749969355
5317123651
0056534980
2700554307
7444742669
8832494887
8104280246
3144262190
3996025516
1250060217
5805994386
4897377965
3036592462
7491019573
1644077153
1430303949
2901824501
9356196820
5208927277
2739621904
9152088069
1715607685
6102291721
5850856300
8541711285
4736037925
9858435323
3100025447
8400795662
5190621421
5840916451
3727793240
4706905316
3614953758
6494142171
7348977259
7842493186
3450746731
2062044526
2751706377
2937479272
4342032638
9901950923
0074248995
3121135059
1475408064
9890604812
4188962817
7476190758
2722177390
9001687272
0068769541
9729644959
4873279666
6404784179
9087007115
3886646064
4289876137
1613198393
2790403327
8120036459
4795951044
0810554871
8799391413
7213303806
0461022675
1269287333
0877390523
9510082734
8894837819
5679396641
9257299285
6875645124
4141540697
8307625435
7570909125
7586492595
0371344354
7959833597
4198654060
8259125033
4233480160
3814496153
4199410529
9895527810
3225681903
0412506102
9786921806
1685599113
3812125971
5031070904
2434179215
1661380705
2150679239
4034810800
2697832886
3349079900
6894184872
0692694825
6398487661
8805974745
3267993460
7689988200
4527167196
6311813258
7073647561
6305207037
8249801113
1125561451
2770760482
5925001315
5381687395
3692647348
4436529349
8842579179
0758247174
7456614769
5784631985
4725326958
9210131645
7517275744
5722113170
3300798507
6990831021
5357918031
2180281542
1004286899
6508220451
6784915309
5793089434
4552892470
1411674460
6152425152
7608007813
6709129690
0085205593
5413128298
3773848186
9927032765
4383166129
8583239249
6120393448
9447523457
9161973794
0746393744
4968829901
5475476988
2014446642
7252952664
1213681731
0718238866
1666378244
5978780569
8767421507
5859091856
1309477891
5841955508
0809881455
6517235711
0313112331
8913350250
5013590239
0817516519
4593308718
0339217116
2165601189
1213865492
1135571738
8915132966
6591862948
2681249411
7716502615
7142407814
9523151516
7502628831
2023487933
7547552299
1092800454
6729331031
8078835257
0328758730
4769355619
7173518842
4094829868
0431038265
2961499850
9356361544
2107018826
7011587390
0197781386
9075812045
3074447906
8973991581
5491348056
6722168227
5937365226
1705925411
1818424780
9302598445
2631565654
7925791452
5887626986
8628627111
4809397843
5018088548
0324483440
7729692178
6007781078
9682136616
7511753639
0372017861
1418204188
6038659735
2533224953
1212818796
2409753553
3373584123
5275102100
3616517673
7436402008
4321934790
5561934992
5312534987
0222028691
2917866625
8375282152
4713335766
3571360582
3023714895
0243664268
6799192339
2513693032
8403771436
6688849142
8683189877
9322953964
9865028522
0429986077
2549494192
0293453943
7895032273
8122762271
8249105305
8058992339
4119989953
7752082507
1196849633
7454396479
9886845578
9692367244
5388510874
0108664121
1479049209
1577338898
5416298606
3625855685
1380940970
7924236804
2130890931
3054195958
3369985215
4020135247
5167479949
9289275254
3061906429
1939417115
3683606191
0618087000
0871005189
4485061298
2579429637
7374318834
6532566497
2072085487
4405625426
4144427416
3907106130
7879775230
9416415752
1051473520
9979231976
5427954601
9533981437
0159613361
8743927804
0435495039
1881448211
0008364716
5822670591
8446009073
8005131739
1507099845
5964561459
4399624127
4276117397
6774744558
7869919915
1463587922
2637949160
6622152654
9731127078
0155850460
3284812857
4965215535
1592902061
6133072668
1289222086
4473033331
2060200216
1969129654
7486234320
4386109492
0895384996
2639020852
2238807239
6429059271
8782261973
8281253476
5848449280
9866334557
6578557422
4790105481
8724457002
0934467883
0497662908
3976467195
9369989915
9436250447
2033337218
7980960911
8721584140
5304998827
5138150767
5554492655
8670952032
9771718214
4076750336
9973098873
8088569698
3380253467
5237199359
3359467406
9096328785
1331991756
1746712768
7078152561
5221954553
0962148399
9387932506
5749996151
3144699557
4974652142
3158283145
9241050461
5509353870
3014498693
0499411148
2611799005
7022837859
0694636494
0154275735
1292742602
6093299374
2962389168
6857433841
5470567755
